m   = 1460;

% CarHat = 77000;
% CafHat = 72000;

% CarHat = 57000;
% CafHat = 62000;

CarHat = 77000;
CafHat = 82000;

mu = 0.85;
Lf = 1.05;
Lr = 1.55;
Vel = 60/3.6;
K=4;
lam_1=2;
lam_2=0.5;